00ACBFAA37EF577A 0 0 0 0 7
1B0AE1C6D0E39119 0 0 0 0 7
1B0AE1C6D0E39119 0 1 1 1 7
1B279661292258CF 0 0 0 0 7
1B279661292258CF 0 1 1 0 7
1EC3FBF25F242595 0 0 0 0 7
3FD827EDD394DB31 0 0 0 0 7
5FAE584A1D37105C 0 1 1 1 7
6A16BC0F816D2F3C 0 0 0 0 7
6A16BC0F816D2F3C 0 1 1 0 7
7AB54ADDC584559B 0 0 0 0 7
7E0BB65228BEFFA1 0 0 0 0 7
7E0BB65228BEFFA1 1 0 0 0 7
7F03C48EAEDB9B41 0 0 0 0 7
7F03C48EAEDB9B41 1 0 0 0 7
7F03C48EAEDB9B41 1 1 1 1 7
84F8DA5C9686C347 0 0 0 0 7
96F6AC48CE8189D3 0 1 1 1 7
A0BF9F835C22CBC7 0 0 0 0 7
C982EDCBB4A1F5FE 0 0 0 0 7
DFC8A0A19922677D 0 0 0 0 7
